0.00000 1.00000 0.00000
0.279650925535847 1.318753245612375 0.003645000000000
0.559301851071696 1.739110122813176 0.004806855580257
0.814314514500023 2.239153661123916 0.004806855580257
1.046859636187712 2.820401539550082 0.004693040991329
1.260617267525721 3.487719243891068 0.004591182726825
1.458547718109269 4.246363337767396 0.004507420828458
1.642951187841951 5.101605498558069 0.004437855596684
1.815645172563780 6.058695212660787 0.004379124102936
1.978093023498722 7.122859605160638 0.004328822378836
2.131492269815542 8.299306075790625 0.004285216923696
2.276836612753808 9.593224593453380 0.004247026099508
2.414960566224061 11.009789556765595 0.004213280402460
2.546572334343003 12.554161328914372 0.004183231878235
2.672278502557277 14.231487529023150 0.004156293615601
2.792602899188068 16.046904135725431 0.004131998202368
2.908001221633347 18.005536441873783 0.004109968508594
3.018872530611788 20.112499888644265 0.004089896703782
3.125568391693154 22.372900800228081 0.004071528906163
3.228400224419373 24.791837035425029 0.004054653765987
3.327645268433985 27.374398568969738 0.004039093848444
3.423551470161241 30.125668012869941 0.004024699042727
3.516341518063951 33.050721086087009 0.004011341459439
3.606216199854980 36.154627039441394 0.003998911436824
3.693357214939956 39.442449041438771 0.003987314383117
3.777929545588713 42.919244529803002 0.003976468256724
3.860083467962173 46.590065532787435 0.003966301538398
3.939956267137334 50.459958963683860 0.003956751586088
4.017673707256575 54.533966891515540 0.003947763290718
4.093351297856996 58.817126790447055 0.003939287970148
4.167095389581542 63.314471770125174 0.003931282453330
4.239004126298601 68.031030788891940 0.003923708317558
4.309168275765033 72.971828851519902 0.003916531249374
4.377671957068315 78.141887192993934 0.003909720506641
4.444593279950899 83.546223449592972 0.003903248463146
4.510004908592268 89.189851818461392 0.003897090221571
4.573974560368864 95.077783206664179 0.003891223282807
4.636565448435091 101.215025370705789 0.003885627262775
4.697836675588535 107.606583047193979 0.003880283648115
4.757843585748679 114.257458075524369 0.003875175585563
4.816638078432948 121.172649513114536 0.003870287698859
4.874268890831561 128.357153743903666 0.003865605929917
4.930781851423651 135.815964580481904 0.003861117399651
4.986220108528807 143.554073360476252 0.003856810286436
5.036220108528807 150.911219620200654 0.002990709861677
